﻿Event;Duration;Start Time;End Time;Event Statistics (Hypopnea)
[];[s];[];[];[s]
N1;30;23:44:30,000;23:45:00,000;0
Wake;90;23:45:00,000;23:46:30,000;0
N1;30;23:46:30,000;23:47:00,000;0
N2;210;23:47:00,000;23:50:30,000;0
Wake;30;23:50:30,000;23:51:00,000;0
N1;30;23:51:00,000;23:51:30,000;0
N2;480;23:51:30,000;23:59:30,000;0
N3;30;23:59:30,000;00:00:00,000;0
N2;30;00:00:00,000;00:00:30,000;0
N3;420;00:00:30,000;00:07:30,000;0
N2;90;00:07:30,000;00:09:00,000;0
N3;480;00:09:00,000;00:17:00,000;0
Wake;30;00:17:00,000;00:17:30,000;0
N2;330;00:17:30,000;00:23:00,000;0
N3;1140;00:23:00,000;00:42:00,000;0
N2;30;00:42:00,000;00:42:30,000;0
N3;90;00:42:30,000;00:44:00,000;0
N2;30;00:44:00,000;00:44:30,000;0
Wake;30;00:44:30,000;00:45:00,000;0
N2;60;00:45:00,000;00:46:00,000;0
Wake;30;00:46:00,000;00:46:30,000;0
N2;540;00:46:30,000;00:55:30,000;0
N1;30;00:55:30,000;00:56:00,000;0
Wake;30;00:56:00,000;00:56:30,000;0
N1;30;00:56:30,000;00:57:00,000;0
N2;420;00:57:00,000;01:04:00,000;0
N1;30;01:04:00,000;01:04:30,000;0
N2;30;01:04:30,000;01:05:00,000;0
REM;570;01:05:00,000;01:14:30,000;0
N1;30;01:14:30,000;01:15:00,000;0
N2;570;01:15:00,000;01:24:30,000;0
N3;30;01:24:30,000;01:25:00,000;0
N2;30;01:25:00,000;01:25:30,000;0
N3;150;01:25:30,000;01:28:00,000;0
Wake;750;01:28:00,000;01:40:30,000;0
N1;30;01:40:30,000;01:41:00,000;0
N2;120;01:41:00,000;01:43:00,000;0
N1;30;01:43:00,000;01:43:30,000;0
Wake;210;01:43:30,000;01:47:00,000;0
N1;120;01:47:00,000;01:49:00,000;0
N2;360;01:49:00,000;01:55:00,000;0
Wake;60;01:55:00,000;01:56:00,000;0
N1;30;01:56:00,000;01:56:30,000;0
N2;810;01:56:30,000;02:10:00,000;0
N3;30;02:10:00,000;02:10:30,000;0
N2;60;02:10:30,000;02:11:30,000;0
N3;30;02:11:30,000;02:12:00,000;0
N2;150;02:12:00,000;02:14:30,000;0
N3;30;02:14:30,000;02:15:00,000;0
N2;570;02:15:00,000;02:24:30,000;0
N3;30;02:24:30,000;02:25:00,000;0
N1;30;02:25:00,000;02:25:30,000;14,536
N2;630;02:25:30,000;02:36:00,000;0
REM;480;02:36:00,000;02:44:00,000;0
Wake;60;02:44:00,000;02:45:00,000;0
N1;90;02:45:00,000;02:46:30,000;0
N2;1440;02:46:30,000;03:10:30,000;0
N3;1080;03:10:30,000;03:28:30,000;0
Wake;90;03:28:30,000;03:30:00,000;0
N2;510;03:30:00,000;03:38:30,000;0
REM;510;03:38:30,000;03:47:00,000;34,078
N1;30;03:47:00,000;03:47:30,000;0
REM;180;03:47:30,000;03:50:30,000;0
Wake;30;03:50:30,000;03:51:00,000;0
N1;30;03:51:00,000;03:51:30,000;0
Wake;30;03:51:30,000;03:52:00,000;0
N1;30;03:52:00,000;03:52:30,000;0
N2;2070;03:52:30,000;04:27:00,000;0
Wake;60;04:27:00,000;04:28:00,000;0
N2;420;04:28:00,000;04:35:00,000;0
REM;2190;04:35:00,000;05:11:30,000;37,989
Wake;30;05:11:30,000;05:12:00,000;0
N1;90;05:12:00,000;05:13:30,000;0
N2;30;05:13:30,000;05:14:00,000;0
Wake;60;05:14:00,000;05:15:00,000;0
N1;90;05:15:00,000;05:16:30,000;0
N2;180;05:16:30,000;05:19:30,000;0
N1;60;05:19:30,000;05:20:30,000;0
N2;1110;05:20:30,000;05:39:00,000;0
N3;90;05:39:00,000;05:40:30,000;0
N2;30;05:40:30,000;05:41:00,000;0
N3;240;05:41:00,000;05:45:00,000;0
REM;30;05:45:00,000;05:45:30,000;0
N2;60;05:45:30,000;05:46:30,000;0
Wake;60;05:46:30,000;05:47:30,000;0
N1;30;05:47:30,000;05:48:00,000;0
N2;570;05:48:00,000;05:57:30,000;0
Wake;30;05:57:30,000;05:58:00,000;0
N2;870;05:58:00,000;06:12:30,000;0
REM;510;06:12:30,000;06:21:00,000;0
Wake;30;06:21:00,000;06:21:30,000;0
REM;120;06:21:30,000;06:23:30,000;0
Wake;450;06:23:30,000;06:31:00,000;0
